%load number;
x = 1:1000;
noBusyServers = [
25
37
37
47
36
36
37
36
38
35
37
38
42
36
33
33
33
39
48
48
45
38
37
37
41
45
40
47
44
52
55
48
43
39
42
45
44
35
32
31
46
42
39
42
42
48
47
45
35
33
36
45
47
44
39
38
39
46
47
34
33
35
39
33
38
35
33
40
38
41
34
38
41
43
37
34
38
39
37
42
41
41
27
34
35
38
36
42
48
47
44
45
38
39
41
47
39
40
39
38
40
40
42
37
38
35
34
34
32
38
51
40
44
39
39
39
40
35
45
41
44
44
37
32
46
44
37
25
37
50
46
44
39
35
41
38
50
49
48
47
42
39
43
45
44
43
40
40
37
45
43
42
39
33
30
29
40
33
28
38
40
41
38
38
30
44
43
47
50
52
50
46
39
38
38
42
42
45
44
43
39
37
37
38
38
42
46
43
49
49
42
42
40
50
50
47
49
54
48
49
50
51
52
50
41
35
37
37
32
45
48
51
52
48
47
44
37
39
38
41
42
43
46
39
36
37
39
40
41
45
46
45
41
40
44
40
39
40
47
48
47
45
47
47
41
40
34
29
36
53
50
50
38
38
35
43
44
44
49
53
46
43
40
36
43
47
46
32
30
34
42
42
46
45
45
42
43
41
40
36
38
40
41
39
49
49
50
53
57
48
47
48
47
47
47
51
50
53
51
43
43
32
32
34
44
44
39
33
32
41
41
42
46
38
38
41
37
34
36
42
41
33
32
39
38
39
44
45
41
43
38
36
37
38
34
37
38
40
45
45
37
38
34
34
34
32
36
44
42
42
45
45
44
43
43
37
37
45
45
45
43
43
44
46
47
38
33
35
31
31
32
36
46
50
45
37
29
29
37
48
46
49
39
39
37
47
47
40
41
38
41
42
39
39
38
33
31
38
38
38
40
48
29
30
27
26
31
34
32
29
41
41
40
38
35
41
41
50
46
40
43
42
41
43
45
39
41
43
47
47
47
45
45
37
34
33
44
41
41
36
39
36
53
43
42
39
38
37
34
40
43
50
44
44
40
43
43
43
44
46
45
44
44
42
43
36
39
35
28
31
39
42
43
38
38
41
39
39
34
35
35
37
38
32
28
36
43
40
33
30
37
42
48
45
43
42
39
50
50
46
33
35
33
37
37
41
36
35
43
42
44
42
42
45
38
39
44
31
31
37
37
46
39
36
46
37
42
41
41
45
45
45
42
48
38
41
43
44
42
37
39
38
46
45
44
34
50
51
43
45
38
34
35
41
44
42
36
37
43
48
46
46
48
49
47
40
33
31
31
42
42
42
29
37
34
36
32
33
32
40
48
47
55
55
47
43
48
46
36
42
42
44
45
38
37
34
32
34
30
29
30
31
34
35
39
40
38
43
39
47
50
50
46
40
41
44
31
33
35
36
37
36
33
34
28
28
29
30
42
42
42
49
45
40
41
43
43
38
37
36
47
48
48
51
47
40
39
36
30
40
44
46
35
34
34
36
37
41
42
37
36
31
39
36
33
30
33
42
41
51
37
30
40
52
45
44
45
44
33
37
38
42
53
51
47
47
40
44
44
41
45
41
49
52
52
37
43
44
37
37
46
47
39
39
39
39
57
54
36
33
34
39
45
38
39
40
33
33
33
30
41
44
48
49
44
42
40
38
35
36
30
23
33
32
38
44
44
46
42
36
30
30
41
43
49
47
59
57
68
46
48
44
52
49
38
48
49
38
37
52
51
57
56
51
49
40
35
35
36
33
32
33
34
36
33
29
48
46
39
40
39
39
42
44
41
43
40
39
35
33
41
42
44
46
48
51
52
47
42
52
51
45
36
38
37
35
30
41
38
44
47
43
46
50
40
38
41
43
41
28
24
24
27
29
35
49
49
52
50
48
46
39
32
36
41
45
48
38
38
41
42
42
41
28
38
40
37
39
42
49
42
45
41
40
48
43
38
43
43
43
43
46
30
29
30
48
40
35
34
29
38
38
33
30
30
30
34
35
34
34
37
34
40
41
43
36
37
34
33
34
38
33
32
43
39
42
36
55
46
50
54
44
43
43
43
39
45
48
45
48
52
48
48
45
37
44
52
51
41
38
35
40
43
47
49
48
39
45
37
43
48
45
42
42
41
37
32
31
32
33
32
40
42
43
34
30
45
28
29
32
36
39
35
35
37
39
41
36
39
43
48
42
39
36
39
39
43
39
46
45
48
53
56
53
45
36
34
35
35
47
41
40
50
48
34
52
52
39
35
39
42
43
47
46
47
46
46
54
39
34
50
47
25
37
43
45
41
43
43
47
48
46
49
37
48
45
49
33
38
40
42
53
38
35
42
43
42
38
32
29
29
37
40
39
38
35
35
27
27
26
27
32
34
40
46
39
37
43
43
37
42
42
45
43
38
45
42
41
40
38
52
54
55
54
46
47
46
49
50
46
37
44
44
45
46
37
37
33
39
40
41
45
35
33
45
46
45
47
47
32
32
34
40
42
41
42
42
39
37
39
44
46
36
39
36
36
39
36
42
37
37
32
34
32
35
40
45
36
43
45
43
45
44
48
36
40
48
45
44
44
49
45
50
49
43
43
33
34
33
34
39
38
38
42
46
35
42
46
45
39
42
43
46
53
50
50
45
52
48
39
41
46
48
43
39
47
44
39
33
36
35
31
31
34
34
41
42
39
40
50
49
47
49
50
58
59
55
43
31
32
36
40
40
28
28
38
42
55
53
49
49
49
33
43
44
40
45
41
33
33
37
38
42
38
38
36
38
35
34
32
38
35
42
41
43
44
38
37
42
39
39
41
36
43
44
49
43
36
35
36
41
47
49
49
42
31
42
52
44
44
34
33
43
41
33
22
25
46
54
40
50
57
46
48
51
42
43
47
44
30
31
52
53
52
44
42
49
43
43
23
26
26
34
40
37
40
40
35
33
30
43
42
42
47
46
45
46
49
44
38
32
49
42
44
44
35
35
29
43
30
38
39
38
44
45
45
48
48
48
41
43
38
33
37
40
37
36
37
35
30
29
28
25
27
41
40
41
31
47
50
47
36
38
49
33
38
48
39
39
42
48
52
45
43
36
43
45
38
30
33
36
36
39
34
33
35
41
38
40
27
26
25
38
36
34
37
36
35
48
50
50
39
36
31
42
39
37
37
39
41
40
39
33
33
33
32
34
34
34
33
31
35
36
44
43
38
41
44
35
54
53
55
42
43
47
48
33
37
37
33
40
42
42
51
42
42
43
33
34
32
33
49
36
54
56
54
51
60
41
37
40
34
42
43
39
48
42
45
48
48
53
44
44
37
37
33
31
33
43
41
41
35
34
41
40
30
37
39
46
40
37
41
51
49
49
59
52
53
49
49
43
39
38
35
35
46
43
37
36
32
42
41
36
38
40
46
39
34
36
47
46
44
50
46
42
50
47
41
38
39
38
37
39
43
45
45
42
37
38
40
38
39
41
39
51
48
47
45
44
43
47
39
38
48
42
38
35
38
39
39
29
32
32
39
33
30
39
41
41
29
49
52
36
34
34
31
31
33
45
48
38
33
36
39
37
31
30
32
35
47
43
44
41
42
39
49
49
49
39
36
40
42
40
38
37
38
37
41
39
36
39
39
44
44
41
43
38
39
38
30
28
32
27
28
44
36
36
29
38
41
52
54
54
52
48
34
31
41
45
43
51
53
56
56
45
41
39
32
34
35
33
35
33
42
46
47
52
50
45
53
52
48
46
35
35
40
41
40
46
42
41
44
45
50
36
44
51
50
56
49
52
47
45
35
40
39
41
35
35
36
37
37
45
46
46
46
39
42
33
30
46
36
34
28
28
27
30
33
37
39
45
46
46
42
41
45
34
46
38
39
53
53
49
41
31
39
40
40
41
43
36
41
43
38
37
37
48
47
34
37
37
38
40
40
37
37
36
33
47
41
23
39
38
44
45
45
45
45
36
34
32
36
35
36
41
40
44
45
39
44
44
42
37
34
32
30
38
38
40
38
42
45
43
49
49
43
44
38
41
31
41
45
38
39
26
30
37
40
41
40
34
40
30
53
51
55
58
55
48
48
55
59
58
44
39
37
38
39
38
34
32
33
32
36
40
49
51
48
44
39
36
36
37
36
39
39
38
43
36
38
38
40
41
38
49
50
38
38
47
48
50
43
41
41
46
46
46
42
43
29
35
37
31
35
37
37
28
48
48
30
32
34
32
30
31
33
37
46
46
50
45
44
43
39
41
36
34
37
39
49
48
42
35
38
46
46
44
43
31
34
37
43
49
44
39
39
36
34
34
29
25
41
43
42
43
38
37
37
40
43
32
31
38
41
36
37
42
42
45
42
32
39
40
40
41
43
44
40
43
45
41
45
43
47
43
44
41
36
30
47
39
39
42
39
38
38
34
32
32
41
36
39
41
38
41
40
45
38
36
37
35
35
38
38
37
42
54
58
59
52
48
48
40
45
36
29
31
36
51
46
46
46
47
47
47
35
33
38
45
48
52
48
50
32
32
34
29
40
36
38
39
35
40
45
43
50
40
39
39
43
47
44
48
56
54
40
37
32
32
30
35
38
47
46
45
42
42
43
44
43
46
43
35
30
34
37
46
46
39
44
46
44
47
40
37
40
40
36
36
38
38
40
41
38
33
33
32
34
37
34
33
43
31
33
28
31
38
48
45
37
37
36
37
30
42
43
43
41
33
35
32
34
38
35
31
31
32
32
38
48
48
44
46
35
36
37
40
38
35
41
39
41
42
35
32
48
45
39
40
43
39
42
50
51
47
41
40
46
47
47
43
43
39
39
43
44
49
47
42
38
42
46
48
35
39
38
32
32
32
36
39
41
38
41
50
52
53
52
54
50
47
53
53
54
50
39
42
42
39
26
36
31
37
33
24
24
43
41
41
38
39
27
27
35
35
41
47
49
41
47
47
37
35
37
46
47
35
33
34
44
48
39
43
46
43
37
47
56
51
44
46
49
44
46
45
35
36
37
46
45
46
46
47
43
43
39
36
37
37
49
54
51
46
43
37
42
41
38
37
38
43
45
45
32
35
29
36
40
39
42
44
42
43
52
52
43
43
38
33
30
33
34
38
36
43
50
35
36
29
35
39
30
27
41
34
34
37
30
29
34
40
39
39
37
36
35
31
33
35
34
24
23
23
34
34
36
33
33
31
34
32
39
39
38
32
36
46
47
43
41
45
39
41
39
39
39
45
45
47
45
44
46
41
42
45
39
41
41
33
37
44
53
47
44
38
42
43
49
43
41
49
48
51
49
37
38
42
37
42
45
49
41
42
32
35
34
39
35
29
32
37
36
34
42
42
44
37
33
33
34
37
45
44
41
39
34
33
36
41
47
43
42
44
45
47
48
40
46
46
42
40
46
47
45
44
35
47
52
51
54
51
52
45
49
45
45
44
34
41
31
33
45
53
42
47
39
40
45
41
43
44
45
41
34
37
38
41
44
44
40
38
39
39
35
35
48
44
33
33
45
45
46
50
41
40
41
43
49
49
49
47
44
36
30
35
32
30
37
42
30
28
48
48
42
41
42
39
36
35
38
31
33
33
33
33
33
28
31
42
43
45
49
45
42
38
34
35
47
46
35
31
32
29
35
33
36
37
39
31
35
35
33
43
44
43
42
37
41
41
45
38
39
39
44
38
33
33
40
42
41
47
50
46
42
45
42
30
30
33
37
47
38
43
42
35
38
44
37
32
36
38
32
28
33
39
47
26
27
33
46
47
46
46
42
37
37
39
41
38
38
49
47
43
43
38
32
34
33
32
34
40
42
41
46
48
57
50
46
43
36
36
39
35
42
37
36
37
35
37
43
43
44
43
40
39
37
39
35
32
33
31
33
42
41
49
47
43
43
40
33
36
41
46
50
43
44
45
42
39
32
33
35
37
35
37
40
47
39
31
33
27
31
36
32
38
38
40
37
38
41
41
38
37
39
40
46
47
36
36
34
46
49
36
36
31
31
32
36
37
35
46
43
41
35
35
35
37
42
44
44
41
43
